1
1603254766.095597
16.157187461853027
2
1603254787.2552936
14.73289155960083
3
1603254806.995321
13.559400081634521
4
1603254825.561734
11.960405826568604
5
1603254842.5256784
10.57567548751831
6
1603254858.1064646
9.250894784927368
7
1603254872.3595157
7.9138877391815186
8
1603254885.2770653
5.908787250518799
9
1603254896.190118
4.284886121749878
10
1603254905.477179
3.1816792488098145
11
1603254913.65994
2.117594003677368
12
1603254920.7789707
0.8264815807342529
13
1603254926.606739
0.41750144958496094
14
1603254932.0243468
0.15123987197875977
15
1603254937.1759524
0.08038926124572754
