1
1603196624.3636322
22.308745861053467
2
1603196651.6747932
20.227272272109985
3
1603196676.9127018
18.754002332687378
4
1603196700.6776278
16.535792589187622
5
1603196722.222447
14.622385025024414
6
1603196741.852746
12.97982907295227
7
1603196759.839569
10.856433868408203
8
1603196775.701612
8.293993711471558
9
1603196789.0004203
5.780719995498657
10
1603196799.7838213
4.362900972366333
11
1603196809.14923
2.8708713054656982
12
1603196817.0213385
1.0725080966949463
13
1603196823.0947247
0.5466229915618896
14
1603196828.6423783
0.199876070022583
15
1603196833.8428588
0.10588765144348145